product_id,winsorize,features,RMSE,MAPE,Overfit_Score,validation_prediction
P1,True,MAB_ELE_SHP840,0.6100804553383123,453.19752230944783,,0.3246293
P1,True,MAB_ELE_SHP840,0.6100804553383123,453.19752230944783,,0.26861608
P1,True,MAB_ELE_SHP840,0.6100804553383123,453.19752230944783,,0.41924566
P1,True,MAB_ELE_SHP840,0.6100804553383123,453.19752230944783,,0.2183412
P1,True,MAB_ELE_SHP840,0.6100804553383123,453.19752230944783,,0.3289858
P1,True,MAB_ELE_SHP840,0.6100804553383123,453.19752230944783,,0.4532824
P1,True,MAB_ELE_SHP840,0.6100804553383123,453.19752230944783,,0.4222339
P1,True,PRI27276_org,0.9607105028120426,974.8896646154628,,0.5148098
P1,True,PRI27276_org,0.9607105028120426,974.8896646154628,,0.5702051
P1,True,PRI27276_org,0.9607105028120426,974.8896646154628,,1.0821116
P1,True,PRI27276_org,0.9607105028120426,974.8896646154628,,1.590806
P1,True,PRI27276_org,0.9607105028120426,974.8896646154628,,1.9925718
P1,True,PRI27276_org,0.9607105028120426,974.8896646154628,,2.0422704
P1,True,PRI27276_org,0.9607105028120426,974.8896646154628,,2.1319296
P1,True,PRO27826_org,0.7599837669413102,328.4460563418336,,0.03198261
P1,True,PRO27826_org,0.7599837669413102,328.4460563418336,,0.20797455
P1,True,PRO27826_org,0.7599837669413102,328.4460563418336,,0.1262119
P1,True,PRO27826_org,0.7599837669413102,328.4460563418336,,-0.06828763
P1,True,PRO27826_org,0.7599837669413102,328.4460563418336,,0.021979973
P1,True,PRO27826_org,0.7599837669413102,328.4460563418336,,0.7887211
P1,True,PRO27826_org,0.7599837669413102,328.4460563418336,,0.006547004
P1,True,MAB_ELE_PRO276,0.7902657375713356,198.70985341798396,,0.56130433
P1,True,MAB_ELE_PRO276,0.7902657375713356,198.70985341798396,,-0.15124491
P1,True,MAB_ELE_PRO276,0.7902657375713356,198.70985341798396,,-0.05236359
P1,True,MAB_ELE_PRO276,0.7902657375713356,198.70985341798396,,-0.03518151
P1,True,MAB_ELE_PRO276,0.7902657375713356,198.70985341798396,,0.0040183663
P1,True,MAB_ELE_PRO276,0.7902657375713356,198.70985341798396,,0.026624575
P1,True,MAB_ELE_PRO276,0.7902657375713356,198.70985341798396,,-0.065720126
P1,True,MAB_ELE_SHP1100,0.8188414218069213,328.7870633701541,,0.13302146
P1,True,MAB_ELE_SHP1100,0.8188414218069213,328.7870633701541,,-0.27899605
P1,True,MAB_ELE_SHP1100,0.8188414218069213,328.7870633701541,,-0.011984889
P1,True,MAB_ELE_SHP1100,0.8188414218069213,328.7870633701541,,-0.07928853
P1,True,MAB_ELE_SHP1100,0.8188414218069213,328.7870633701541,,0.2977325
P1,True,MAB_ELE_SHP1100,0.8188414218069213,328.7870633701541,,-0.037728637
P1,True,MAB_ELE_SHP1100,0.8188414218069213,328.7870633701541,,0.13838935
P1,True,"MAB_ELE_SHP840, PRI27276_org",3.937632266692701,2868.1830017392094,,-1.010139
P1,True,"MAB_ELE_SHP840, PRI27276_org",3.937632266692701,2868.1830017392094,,-2.4711401
P1,True,"MAB_ELE_SHP840, PRI27276_org",3.937632266692701,2868.1830017392094,,-0.42863747
P1,True,"MAB_ELE_SHP840, PRI27276_org",3.937632266692701,2868.1830017392094,,-4.763151
P1,True,"MAB_ELE_SHP840, PRI27276_org",3.937632266692701,2868.1830017392094,,-5.293804
P1,True,"MAB_ELE_SHP840, PRI27276_org",3.937632266692701,2868.1830017392094,,-1.9815778
P1,True,"MAB_ELE_SHP840, PRI27276_org",3.937632266692701,2868.1830017392094,,-3.5516043
P1,True,"MAB_ELE_SHP840, PRO27826_org",1.1452949005911115,648.1838066374936,,-0.28393993
P1,True,"MAB_ELE_SHP840, PRO27826_org",1.1452949005911115,648.1838066374936,,0.43351752
P1,True,"MAB_ELE_SHP840, PRO27826_org",1.1452949005911115,648.1838066374936,,0.38467032
P1,True,"MAB_ELE_SHP840, PRO27826_org",1.1452949005911115,648.1838066374936,,-0.35159338
P1,True,"MAB_ELE_SHP840, PRO27826_org",1.1452949005911115,648.1838066374936,,-0.21240911
P1,True,"MAB_ELE_SHP840, PRO27826_org",1.1452949005911115,648.1838066374936,,0.7148704
P1,True,"MAB_ELE_SHP840, PRO27826_org",1.1452949005911115,648.1838066374936,,-0.91864717
P1,True,"MAB_ELE_SHP840, MAB_ELE_PRO276",0.47831689725432197,417.36964499033513,,0.5879968
P1,True,"MAB_ELE_SHP840, MAB_ELE_PRO276",0.47831689725432197,417.36964499033513,,0.24700981
P1,True,"MAB_ELE_SHP840, MAB_ELE_PRO276",0.47831689725432197,417.36964499033513,,0.4212899
P1,True,"MAB_ELE_SHP840, MAB_ELE_PRO276",0.47831689725432197,417.36964499033513,,0.48012903
P1,True,"MAB_ELE_SHP840, MAB_ELE_PRO276",0.47831689725432197,417.36964499033513,,0.5936433
P1,True,"MAB_ELE_SHP840, MAB_ELE_PRO276",0.47831689725432197,417.36964499033513,,0.33694363
P1,True,"MAB_ELE_SHP840, MAB_ELE_PRO276",0.47831689725432197,417.36964499033513,,0.9111562
P1,True,"MAB_ELE_SHP840, MAB_ELE_SHP1100",0.6921860553020567,744.735410743297,,1.1350027
P1,True,"MAB_ELE_SHP840, MAB_ELE_SHP1100",0.6921860553020567,744.735410743297,,-0.73498815
P1,True,"MAB_ELE_SHP840, MAB_ELE_SHP1100",0.6921860553020567,744.735410743297,,-0.09756108
P1,True,"MAB_ELE_SHP840, MAB_ELE_SHP1100",0.6921860553020567,744.735410743297,,0.54243594
P1,True,"MAB_ELE_SHP840, MAB_ELE_SHP1100",0.6921860553020567,744.735410743297,,0.6726431
P1,True,"MAB_ELE_SHP840, MAB_ELE_SHP1100",0.6921860553020567,744.735410743297,,0.8307271
P1,True,"MAB_ELE_SHP840, MAB_ELE_SHP1100",0.6921860553020567,744.735410743297,,2.8127587
P1,True,"PRI27276_org, PRO27826_org",1.0045494266965125,1208.079322805089,,0.49718776
P1,True,"PRI27276_org, PRO27826_org",1.0045494266965125,1208.079322805089,,1.0035449
P1,True,"PRI27276_org, PRO27826_org",1.0045494266965125,1208.079322805089,,0.45655268
P1,True,"PRI27276_org, PRO27826_org",1.0045494266965125,1208.079322805089,,1.2591727
P1,True,"PRI27276_org, PRO27826_org",1.0045494266965125,1208.079322805089,,1.6725258
P1,True,"PRI27276_org, PRO27826_org",1.0045494266965125,1208.079322805089,,1.6950827
P1,True,"PRI27276_org, PRO27826_org",1.0045494266965125,1208.079322805089,,3.0693033
P1,True,"PRI27276_org, MAB_ELE_PRO276",0.808235059540638,1179.075721996444,,0.964134
P1,True,"PRI27276_org, MAB_ELE_PRO276",0.808235059540638,1179.075721996444,,0.8165556
P1,True,"PRI27276_org, MAB_ELE_PRO276",0.808235059540638,1179.075721996444,,1.0755134
P1,True,"PRI27276_org, MAB_ELE_PRO276",0.808235059540638,1179.075721996444,,0.37588555
P1,True,"PRI27276_org, MAB_ELE_PRO276",0.808235059540638,1179.075721996444,,-0.14815007
P1,True,"PRI27276_org, MAB_ELE_PRO276",0.808235059540638,1179.075721996444,,0.54880416
P1,True,"PRI27276_org, MAB_ELE_PRO276",0.808235059540638,1179.075721996444,,-0.02797757
P1,True,"PRI27276_org, MAB_ELE_SHP1100",0.982095787831847,836.6131924383157,,1.1150312
P1,True,"PRI27276_org, MAB_ELE_SHP1100",0.982095787831847,836.6131924383157,,0.46393055
P1,True,"PRI27276_org, MAB_ELE_SHP1100",0.982095787831847,836.6131924383157,,0.9786623
P1,True,"PRI27276_org, MAB_ELE_SHP1100",0.982095787831847,836.6131924383157,,1.4213209
P1,True,"PRI27276_org, MAB_ELE_SHP1100",0.982095787831847,836.6131924383157,,1.8914945
P1,True,"PRI27276_org, MAB_ELE_SHP1100",0.982095787831847,836.6131924383157,,1.9762819
P1,True,"PRI27276_org, MAB_ELE_SHP1100",0.982095787831847,836.6131924383157,,2.8094428
P1,True,"PRO27826_org, MAB_ELE_PRO276",0.8855053734960224,521.636045947524,,0.103490464
P1,True,"PRO27826_org, MAB_ELE_PRO276",0.8855053734960224,521.636045947524,,0.24261242
P1,True,"PRO27826_org, MAB_ELE_PRO276",0.8855053734960224,521.636045947524,,-0.755985
P1,True,"PRO27826_org, MAB_ELE_PRO276",0.8855053734960224,521.636045947524,,-0.15329036
P1,True,"PRO27826_org, MAB_ELE_PRO276",0.8855053734960224,521.636045947524,,0.03029314
P1,True,"PRO27826_org, MAB_ELE_PRO276",0.8855053734960224,521.636045947524,,0.32382622
P1,True,"PRO27826_org, MAB_ELE_PRO276",0.8855053734960224,521.636045947524,,-0.14260367
P1,True,"PRO27826_org, MAB_ELE_SHP1100",0.969335119407158,990.7083858917755,,-0.19761027
P1,True,"PRO27826_org, MAB_ELE_SHP1100",0.969335119407158,990.7083858917755,,-0.84564745
P1,True,"PRO27826_org, MAB_ELE_SHP1100",0.969335119407158,990.7083858917755,,-0.45318705
P1,True,"PRO27826_org, MAB_ELE_SHP1100",0.969335119407158,990.7083858917755,,-0.04042545
P1,True,"PRO27826_org, MAB_ELE_SHP1100",0.969335119407158,990.7083858917755,,0.15840852
P1,True,"PRO27826_org, MAB_ELE_SHP1100",0.969335119407158,990.7083858917755,,-0.1914646
P1,True,"PRO27826_org, MAB_ELE_SHP1100",0.969335119407158,990.7083858917755,,0.2021726
P1,True,"MAB_ELE_PRO276, MAB_ELE_SHP1100",0.43591437571506775,235.55452166656963,,1.0575517
P1,True,"MAB_ELE_PRO276, MAB_ELE_SHP1100",0.43591437571506775,235.55452166656963,,0.04106547
P1,True,"MAB_ELE_PRO276, MAB_ELE_SHP1100",0.43591437571506775,235.55452166656963,,0.4791746
P1,True,"MAB_ELE_PRO276, MAB_ELE_SHP1100",0.43591437571506775,235.55452166656963,,0.6540304
P1,True,"MAB_ELE_PRO276, MAB_ELE_SHP1100",0.43591437571506775,235.55452166656963,,1.0608423
P1,True,"MAB_ELE_PRO276, MAB_ELE_SHP1100",0.43591437571506775,235.55452166656963,,0.35741743
P1,True,"MAB_ELE_PRO276, MAB_ELE_SHP1100",0.43591437571506775,235.55452166656963,,1.141494
P1,True,"MAB_ELE_SHP840, PRI27276_org, PRO27826_org",0.920791202541491,1600.1736296854456,,0.746431
P1,True,"MAB_ELE_SHP840, PRI27276_org, PRO27826_org",0.920791202541491,1600.1736296854456,,1.2486534
P1,True,"MAB_ELE_SHP840, PRI27276_org, PRO27826_org",0.920791202541491,1600.1736296854456,,1.0491873
P1,True,"MAB_ELE_SHP840, PRI27276_org, PRO27826_org",0.920791202541491,1600.1736296854456,,0.68415457
P1,True,"MAB_ELE_SHP840, PRI27276_org, PRO27826_org",0.920791202541491,1600.1736296854456,,1.9506971
P1,True,"MAB_ELE_SHP840, PRI27276_org, PRO27826_org",0.920791202541491,1600.1736296854456,,2.0685515
P1,True,"MAB_ELE_SHP840, PRI27276_org, PRO27826_org",0.920791202541491,1600.1736296854456,,0.866734
P1,True,"MAB_ELE_SHP840, PRI27276_org, MAB_ELE_PRO276",0.4174458408093862,315.07144256761046,,0.37735307
P1,True,"MAB_ELE_SHP840, PRI27276_org, MAB_ELE_PRO276",0.4174458408093862,315.07144256761046,,0.16498326
P1,True,"MAB_ELE_SHP840, PRI27276_org, MAB_ELE_PRO276",0.4174458408093862,315.07144256761046,,0.34649253
P1,True,"MAB_ELE_SHP840, PRI27276_org, MAB_ELE_PRO276",0.4174458408093862,315.07144256761046,,0.8151345
P1,True,"MAB_ELE_SHP840, PRI27276_org, MAB_ELE_PRO276",0.4174458408093862,315.07144256761046,,0.08646311
P1,True,"MAB_ELE_SHP840, PRI27276_org, MAB_ELE_PRO276",0.4174458408093862,315.07144256761046,,1.6034853
P1,True,"MAB_ELE_SHP840, PRI27276_org, MAB_ELE_PRO276",0.4174458408093862,315.07144256761046,,1.2511284
P1,True,"MAB_ELE_SHP840, PRI27276_org, MAB_ELE_SHP1100",1.1312389634007436,1420.8265632411624,,1.6572653
P1,True,"MAB_ELE_SHP840, PRI27276_org, MAB_ELE_SHP1100",1.1312389634007436,1420.8265632411624,,0.8516521
P1,True,"MAB_ELE_SHP840, PRI27276_org, MAB_ELE_SHP1100",1.1312389634007436,1420.8265632411624,,1.7159227
P1,True,"MAB_ELE_SHP840, PRI27276_org, MAB_ELE_SHP1100",1.1312389634007436,1420.8265632411624,,1.1874715
P1,True,"MAB_ELE_SHP840, PRI27276_org, MAB_ELE_SHP1100",1.1312389634007436,1420.8265632411624,,1.8739327
P1,True,"MAB_ELE_SHP840, PRI27276_org, MAB_ELE_SHP1100",1.1312389634007436,1420.8265632411624,,2.8041558
P1,True,"MAB_ELE_SHP840, PRI27276_org, MAB_ELE_SHP1100",1.1312389634007436,1420.8265632411624,,1.770082
P1,True,"MAB_ELE_SHP840, PRO27826_org, MAB_ELE_PRO276",0.8755741420666967,488.4460346034066,,0.5818976
P1,True,"MAB_ELE_SHP840, PRO27826_org, MAB_ELE_PRO276",0.8755741420666967,488.4460346034066,,0.057527665
P1,True,"MAB_ELE_SHP840, PRO27826_org, MAB_ELE_PRO276",0.8755741420666967,488.4460346034066,,1.2595531
P1,True,"MAB_ELE_SHP840, PRO27826_org, MAB_ELE_PRO276",0.8755741420666967,488.4460346034066,,0.0069885477
P1,True,"MAB_ELE_SHP840, PRO27826_org, MAB_ELE_PRO276",0.8755741420666967,488.4460346034066,,0.57851976
P1,True,"MAB_ELE_SHP840, PRO27826_org, MAB_ELE_PRO276",0.8755741420666967,488.4460346034066,,-0.42027572
P1,True,"MAB_ELE_SHP840, PRO27826_org, MAB_ELE_PRO276",0.8755741420666967,488.4460346034066,,1.1308194
P1,True,"MAB_ELE_SHP840, PRO27826_org, MAB_ELE_SHP1100",0.5028192875857989,124.20970616833529,,0.36774507
P1,True,"MAB_ELE_SHP840, PRO27826_org, MAB_ELE_SHP1100",0.5028192875857989,124.20970616833529,,-0.08776372
P1,True,"MAB_ELE_SHP840, PRO27826_org, MAB_ELE_SHP1100",0.5028192875857989,124.20970616833529,,-0.0036212709
P1,True,"MAB_ELE_SHP840, PRO27826_org, MAB_ELE_SHP1100",0.5028192875857989,124.20970616833529,,0.20390157
P1,True,"MAB_ELE_SHP840, PRO27826_org, MAB_ELE_SHP1100",0.5028192875857989,124.20970616833529,,0.29941595
P1,True,"MAB_ELE_SHP840, PRO27826_org, MAB_ELE_SHP1100",0.5028192875857989,124.20970616833529,,0.54891795
P1,True,"MAB_ELE_SHP840, PRO27826_org, MAB_ELE_SHP1100",0.5028192875857989,124.20970616833529,,0.71007437
P1,True,"MAB_ELE_SHP840, MAB_ELE_PRO276, MAB_ELE_SHP1100",0.7716447106535153,1041.1985861257067,,0.50889146
P1,True,"MAB_ELE_SHP840, MAB_ELE_PRO276, MAB_ELE_SHP1100",0.7716447106535153,1041.1985861257067,,-1.0122279
P1,True,"MAB_ELE_SHP840, MAB_ELE_PRO276, MAB_ELE_SHP1100",0.7716447106535153,1041.1985861257067,,0.072271995
P1,True,"MAB_ELE_SHP840, MAB_ELE_PRO276, MAB_ELE_SHP1100",0.7716447106535153,1041.1985861257067,,0.59921384
P1,True,"MAB_ELE_SHP840, MAB_ELE_PRO276, MAB_ELE_SHP1100",0.7716447106535153,1041.1985861257067,,0.5385141
P1,True,"MAB_ELE_SHP840, MAB_ELE_PRO276, MAB_ELE_SHP1100",0.7716447106535153,1041.1985861257067,,0.09045841
P1,True,"MAB_ELE_SHP840, MAB_ELE_PRO276, MAB_ELE_SHP1100",0.7716447106535153,1041.1985861257067,,2.3866932
P1,True,"PRI27276_org, PRO27826_org, MAB_ELE_PRO276",0.5564437717780174,774.2318386092646,,0.91364694
P1,True,"PRI27276_org, PRO27826_org, MAB_ELE_PRO276",0.5564437717780174,774.2318386092646,,0.5265342
P1,True,"PRI27276_org, PRO27826_org, MAB_ELE_PRO276",0.5564437717780174,774.2318386092646,,0.67323494
P1,True,"PRI27276_org, PRO27826_org, MAB_ELE_PRO276",0.5564437717780174,774.2318386092646,,1.2295196
P1,True,"PRI27276_org, PRO27826_org, MAB_ELE_PRO276",0.5564437717780174,774.2318386092646,,1.1784328
P1,True,"PRI27276_org, PRO27826_org, MAB_ELE_PRO276",0.5564437717780174,774.2318386092646,,0.5524502
P1,True,"PRI27276_org, PRO27826_org, MAB_ELE_PRO276",0.5564437717780174,774.2318386092646,,0.71490467
P1,True,"PRI27276_org, PRO27826_org, MAB_ELE_SHP1100",1.8998119134190428,282.6373047247401,,-0.46614677
P1,True,"PRI27276_org, PRO27826_org, MAB_ELE_SHP1100",1.8998119134190428,282.6373047247401,,0.11098845
P1,True,"PRI27276_org, PRO27826_org, MAB_ELE_SHP1100",1.8998119134190428,282.6373047247401,,0.11994773
P1,True,"PRI27276_org, PRO27826_org, MAB_ELE_SHP1100",1.8998119134190428,282.6373047247401,,0.32423747
P1,True,"PRI27276_org, PRO27826_org, MAB_ELE_SHP1100",1.8998119134190428,282.6373047247401,,0.034927074
P1,True,"PRI27276_org, PRO27826_org, MAB_ELE_SHP1100",1.8998119134190428,282.6373047247401,,-0.26568636
P1,True,"PRI27276_org, PRO27826_org, MAB_ELE_SHP1100",1.8998119134190428,282.6373047247401,,-3.253748
P1,True,"PRI27276_org, MAB_ELE_PRO276, MAB_ELE_SHP1100",1.3259798894159942,1422.6739044077076,,1.3299487
P1,True,"PRI27276_org, MAB_ELE_PRO276, MAB_ELE_SHP1100",1.3259798894159942,1422.6739044077076,,0.9921431
P1,True,"PRI27276_org, MAB_ELE_PRO276, MAB_ELE_SHP1100",1.3259798894159942,1422.6739044077076,,1.1764549
P1,True,"PRI27276_org, MAB_ELE_PRO276, MAB_ELE_SHP1100",1.3259798894159942,1422.6739044077076,,1.6270033
P1,True,"PRI27276_org, MAB_ELE_PRO276, MAB_ELE_SHP1100",1.3259798894159942,1422.6739044077076,,1.7897899
P1,True,"PRI27276_org, MAB_ELE_PRO276, MAB_ELE_SHP1100",1.3259798894159942,1422.6739044077076,,2.5833445
P1,True,"PRI27276_org, MAB_ELE_PRO276, MAB_ELE_SHP1100",1.3259798894159942,1422.6739044077076,,3.5591624
P1,True,"PRO27826_org, MAB_ELE_PRO276, MAB_ELE_SHP1100",1.185158976159966,1574.9312633713812,,-0.60235864
P1,True,"PRO27826_org, MAB_ELE_PRO276, MAB_ELE_SHP1100",1.185158976159966,1574.9312633713812,,-1.0512465
P1,True,"PRO27826_org, MAB_ELE_PRO276, MAB_ELE_SHP1100",1.185158976159966,1574.9312633713812,,-1.7909665
P1,True,"PRO27826_org, MAB_ELE_PRO276, MAB_ELE_SHP1100",1.185158976159966,1574.9312633713812,,0.1818102
P1,True,"PRO27826_org, MAB_ELE_PRO276, MAB_ELE_SHP1100",1.185158976159966,1574.9312633713812,,-0.13115248
P1,True,"PRO27826_org, MAB_ELE_PRO276, MAB_ELE_SHP1100",1.185158976159966,1574.9312633713812,,0.48789412
P1,True,"PRO27826_org, MAB_ELE_PRO276, MAB_ELE_SHP1100",1.185158976159966,1574.9312633713812,,0.12143011
P1,True,"MAB_ELE_SHP840, PRI27276_org, PRO27826_org, MAB_ELE_PRO276",0.825416702866221,826.3570070617689,,0.37043846
P1,True,"MAB_ELE_SHP840, PRI27276_org, PRO27826_org, MAB_ELE_PRO276",0.825416702866221,826.3570070617689,,-0.53615016
P1,True,"MAB_ELE_SHP840, PRI27276_org, PRO27826_org, MAB_ELE_PRO276",0.825416702866221,826.3570070617689,,0.83053225
P1,True,"MAB_ELE_SHP840, PRI27276_org, PRO27826_org, MAB_ELE_PRO276",0.825416702866221,826.3570070617689,,-0.11364928
P1,True,"MAB_ELE_SHP840, PRI27276_org, PRO27826_org, MAB_ELE_PRO276",0.825416702866221,826.3570070617689,,-0.2852498
P1,True,"MAB_ELE_SHP840, PRI27276_org, PRO27826_org, MAB_ELE_PRO276",0.825416702866221,826.3570070617689,,0.17071448
P1,True,"MAB_ELE_SHP840, PRI27276_org, PRO27826_org, MAB_ELE_PRO276",0.825416702866221,826.3570070617689,,1.8981867
P1,True,"MAB_ELE_SHP840, PRI27276_org, PRO27826_org, MAB_ELE_SHP1100",0.9087051734784063,1016.9250226994551,,0.7890482
P1,True,"MAB_ELE_SHP840, PRI27276_org, PRO27826_org, MAB_ELE_SHP1100",0.9087051734784063,1016.9250226994551,,0.45917395
P1,True,"MAB_ELE_SHP840, PRI27276_org, PRO27826_org, MAB_ELE_SHP1100",0.9087051734784063,1016.9250226994551,,1.7526765
P1,True,"MAB_ELE_SHP840, PRI27276_org, PRO27826_org, MAB_ELE_SHP1100",0.9087051734784063,1016.9250226994551,,-0.025243646
P1,True,"MAB_ELE_SHP840, PRI27276_org, PRO27826_org, MAB_ELE_SHP1100",0.9087051734784063,1016.9250226994551,,0.60228723
P1,True,"MAB_ELE_SHP840, PRI27276_org, PRO27826_org, MAB_ELE_SHP1100",0.9087051734784063,1016.9250226994551,,2.2631638
P1,True,"MAB_ELE_SHP840, PRI27276_org, PRO27826_org, MAB_ELE_SHP1100",0.9087051734784063,1016.9250226994551,,1.7615685
P1,True,"MAB_ELE_SHP840, PRI27276_org, MAB_ELE_PRO276, MAB_ELE_SHP1100",1.0377376471659923,655.2904801700296,,0.14701883
P1,True,"MAB_ELE_SHP840, PRI27276_org, MAB_ELE_PRO276, MAB_ELE_SHP1100",1.0377376471659923,655.2904801700296,,-0.40149683
P1,True,"MAB_ELE_SHP840, PRI27276_org, MAB_ELE_PRO276, MAB_ELE_SHP1100",1.0377376471659923,655.2904801700296,,0.63765746
P1,True,"MAB_ELE_SHP840, PRI27276_org, MAB_ELE_PRO276, MAB_ELE_SHP1100",1.0377376471659923,655.2904801700296,,0.6867421
P1,True,"MAB_ELE_SHP840, PRI27276_org, MAB_ELE_PRO276, MAB_ELE_SHP1100",1.0377376471659923,655.2904801700296,,-1.198688
P1,True,"MAB_ELE_SHP840, PRI27276_org, MAB_ELE_PRO276, MAB_ELE_SHP1100",1.0377376471659923,655.2904801700296,,2.8781476
P1,True,"MAB_ELE_SHP840, PRI27276_org, MAB_ELE_PRO276, MAB_ELE_SHP1100",1.0377376471659923,655.2904801700296,,1.3488394
P1,True,"MAB_ELE_SHP840, PRO27826_org, MAB_ELE_PRO276, MAB_ELE_SHP1100",0.7566376901653018,354.1476321819611,,0.8901602
P1,True,"MAB_ELE_SHP840, PRO27826_org, MAB_ELE_PRO276, MAB_ELE_SHP1100",0.7566376901653018,354.1476321819611,,-0.029338507
P1,True,"MAB_ELE_SHP840, PRO27826_org, MAB_ELE_PRO276, MAB_ELE_SHP1100",0.7566376901653018,354.1476321819611,,0.98517734
P1,True,"MAB_ELE_SHP840, PRO27826_org, MAB_ELE_PRO276, MAB_ELE_SHP1100",0.7566376901653018,354.1476321819611,,0.07604353
P1,True,"MAB_ELE_SHP840, PRO27826_org, MAB_ELE_PRO276, MAB_ELE_SHP1100",0.7566376901653018,354.1476321819611,,0.67430806
P1,True,"MAB_ELE_SHP840, PRO27826_org, MAB_ELE_PRO276, MAB_ELE_SHP1100",0.7566376901653018,354.1476321819611,,-0.24371113
P1,True,"MAB_ELE_SHP840, PRO27826_org, MAB_ELE_PRO276, MAB_ELE_SHP1100",0.7566376901653018,354.1476321819611,,0.7462608
P1,True,"PRI27276_org, PRO27826_org, MAB_ELE_PRO276, MAB_ELE_SHP1100",1.9514209607072677,2822.3562448056887,,1.8610395
P1,True,"PRI27276_org, PRO27826_org, MAB_ELE_PRO276, MAB_ELE_SHP1100",1.9514209607072677,2822.3562448056887,,2.005322
P1,True,"PRI27276_org, PRO27826_org, MAB_ELE_PRO276, MAB_ELE_SHP1100",1.9514209607072677,2822.3562448056887,,2.5143206
P1,True,"PRI27276_org, PRO27826_org, MAB_ELE_PRO276, MAB_ELE_SHP1100",1.9514209607072677,2822.3562448056887,,3.2379572
P1,True,"PRI27276_org, PRO27826_org, MAB_ELE_PRO276, MAB_ELE_SHP1100",1.9514209607072677,2822.3562448056887,,1.7710452
P1,True,"PRI27276_org, PRO27826_org, MAB_ELE_PRO276, MAB_ELE_SHP1100",1.9514209607072677,2822.3562448056887,,0.04073249
P1,True,"PRI27276_org, PRO27826_org, MAB_ELE_PRO276, MAB_ELE_SHP1100",1.9514209607072677,2822.3562448056887,,3.7925787
P1,True,"MAB_ELE_SHP840, PRI27276_org, PRO27826_org, MAB_ELE_PRO276, MAB_ELE_SHP1100",0.9282906266923494,1586.2971100628913,,0.5352759
P1,True,"MAB_ELE_SHP840, PRI27276_org, PRO27826_org, MAB_ELE_PRO276, MAB_ELE_SHP1100",0.9282906266923494,1586.2971100628913,,1.1221924
P1,True,"MAB_ELE_SHP840, PRI27276_org, PRO27826_org, MAB_ELE_PRO276, MAB_ELE_SHP1100",0.9282906266923494,1586.2971100628913,,1.4383318
P1,True,"MAB_ELE_SHP840, PRI27276_org, PRO27826_org, MAB_ELE_PRO276, MAB_ELE_SHP1100",0.9282906266923494,1586.2971100628913,,-0.07446
P1,True,"MAB_ELE_SHP840, PRI27276_org, PRO27826_org, MAB_ELE_PRO276, MAB_ELE_SHP1100",0.9282906266923494,1586.2971100628913,,1.5185163
P1,True,"MAB_ELE_SHP840, PRI27276_org, PRO27826_org, MAB_ELE_PRO276, MAB_ELE_SHP1100",0.9282906266923494,1586.2971100628913,,0.6377571
P1,True,"MAB_ELE_SHP840, PRI27276_org, PRO27826_org, MAB_ELE_PRO276, MAB_ELE_SHP1100",0.9282906266923494,1586.2971100628913,,1.2512919
P1,False,MAB_ELE_SHP840,0.7469427973858813,1272.2620888373174,,0.36290395
P1,False,MAB_ELE_SHP840,0.7469427973858813,1272.2620888373174,,0.39653984
P1,False,MAB_ELE_SHP840,0.7469427973858813,1272.2620888373174,,0.54503363
P1,False,MAB_ELE_SHP840,0.7469427973858813,1272.2620888373174,,0.38090125
P1,False,MAB_ELE_SHP840,0.7469427973858813,1272.2620888373174,,0.6461594
P1,False,MAB_ELE_SHP840,0.7469427973858813,1272.2620888373174,,0.4935225
P1,False,MAB_ELE_SHP840,0.7469427973858813,1272.2620888373174,,0.59813774
P1,False,PRI27276_org,1.1337239663606262,2036.446526635464,,0.5518346
P1,False,PRI27276_org,1.1337239663606262,2036.446526635464,,1.1662248
P1,False,PRI27276_org,1.1337239663606262,2036.446526635464,,0.6574935
P1,False,PRI27276_org,1.1337239663606262,2036.446526635464,,1.3532926
P1,False,PRI27276_org,1.1337239663606262,2036.446526635464,,1.7293112
P1,False,PRI27276_org,1.1337239663606262,2036.446526635464,,3.1796474
P1,False,PRI27276_org,1.1337239663606262,2036.446526635464,,1.0576937
P1,False,PRO27826_org,0.9616123225656265,242.54883366758145,,-0.024733212
P1,False,PRO27826_org,0.9616123225656265,242.54883366758145,,0.12069133
P1,False,PRO27826_org,0.9616123225656265,242.54883366758145,,0.05481367
P1,False,PRO27826_org,0.9616123225656265,242.54883366758145,,-0.13597652
P1,False,PRO27826_org,0.9616123225656265,242.54883366758145,,0.0005716963
P1,False,PRO27826_org,0.9616123225656265,242.54883366758145,,0.9373699
P1,False,PRO27826_org,0.9616123225656265,242.54883366758145,,-0.027893234
P1,False,MAB_ELE_PRO276,1.0114811950680682,171.19106827167252,,0.32276678
P1,False,MAB_ELE_PRO276,1.0114811950680682,171.19106827167252,,-0.07202462
P1,False,MAB_ELE_PRO276,1.0114811950680682,171.19106827167252,,0.0108320825
P1,False,MAB_ELE_PRO276,1.0114811950680682,171.19106827167252,,-0.28570768
P1,False,MAB_ELE_PRO276,1.0114811950680682,171.19106827167252,,-0.0071132965
P1,False,MAB_ELE_PRO276,1.0114811950680682,171.19106827167252,,0.07089539
P1,False,MAB_ELE_PRO276,1.0114811950680682,171.19106827167252,,-0.087695576
P1,False,MAB_ELE_SHP1100,1.3728462468792768,2500.458783680668,,-0.11592573
P1,False,MAB_ELE_SHP1100,1.3728462468792768,2500.458783680668,,-0.7719931
P1,False,MAB_ELE_SHP1100,1.3728462468792768,2500.458783680668,,-1.0761147
P1,False,MAB_ELE_SHP1100,1.3728462468792768,2500.458783680668,,0.30069542
P1,False,MAB_ELE_SHP1100,1.3728462468792768,2500.458783680668,,0.06524642
P1,False,MAB_ELE_SHP1100,1.3728462468792768,2500.458783680668,,-1.026113
P1,False,MAB_ELE_SHP1100,1.3728462468792768,2500.458783680668,,-0.03614789
P1,False,"MAB_ELE_SHP840, PRI27276_org",1.228507583244368,846.9968730274493,,0.46931583
P1,False,"MAB_ELE_SHP840, PRI27276_org",1.228507583244368,846.9968730274493,,0.71377134
P1,False,"MAB_ELE_SHP840, PRI27276_org",1.228507583244368,846.9968730274493,,0.14963627
P1,False,"MAB_ELE_SHP840, PRI27276_org",1.228507583244368,846.9968730274493,,0.8529465
P1,False,"MAB_ELE_SHP840, PRI27276_org",1.228507583244368,846.9968730274493,,2.2599123
P1,False,"MAB_ELE_SHP840, PRI27276_org",1.228507583244368,846.9968730274493,,-0.7425655
P1,False,"MAB_ELE_SHP840, PRI27276_org",1.228507583244368,846.9968730274493,,0.43581462
P1,False,"MAB_ELE_SHP840, PRO27826_org",0.7295540304981026,1083.8402725927049,,0.44879553
P1,False,"MAB_ELE_SHP840, PRO27826_org",0.7295540304981026,1083.8402725927049,,0.05573875
P1,False,"MAB_ELE_SHP840, PRO27826_org",0.7295540304981026,1083.8402725927049,,0.5684565
P1,False,"MAB_ELE_SHP840, PRO27826_org",0.7295540304981026,1083.8402725927049,,0.07969082
P1,False,"MAB_ELE_SHP840, PRO27826_org",0.7295540304981026,1083.8402725927049,,0.61304134
P1,False,"MAB_ELE_SHP840, PRO27826_org",0.7295540304981026,1083.8402725927049,,0.15031622
P1,False,"MAB_ELE_SHP840, PRO27826_org",0.7295540304981026,1083.8402725927049,,1.4909238
P1,False,"MAB_ELE_SHP840, MAB_ELE_PRO276",0.529579014782714,708.8851363676299,,0.7906356
P1,False,"MAB_ELE_SHP840, MAB_ELE_PRO276",0.529579014782714,708.8851363676299,,0.20354739
P1,False,"MAB_ELE_SHP840, MAB_ELE_PRO276",0.529579014782714,708.8851363676299,,0.30272084
P1,False,"MAB_ELE_SHP840, MAB_ELE_PRO276",0.529579014782714,708.8851363676299,,0.30153054
P1,False,"MAB_ELE_SHP840, MAB_ELE_PRO276",0.529579014782714,708.8851363676299,,0.7798685
P1,False,"MAB_ELE_SHP840, MAB_ELE_PRO276",0.529579014782714,708.8851363676299,,0.49828184
P1,False,"MAB_ELE_SHP840, MAB_ELE_PRO276",0.529579014782714,708.8851363676299,,1.6565595
P1,False,"MAB_ELE_SHP840, MAB_ELE_SHP1100",0.8002931558116998,1452.9750743915922,,0.5233827
P1,False,"MAB_ELE_SHP840, MAB_ELE_SHP1100",0.8002931558116998,1452.9750743915922,,0.29591057
P1,False,"MAB_ELE_SHP840, MAB_ELE_SHP1100",0.8002931558116998,1452.9750743915922,,0.68091315
P1,False,"MAB_ELE_SHP840, MAB_ELE_SHP1100",0.8002931558116998,1452.9750743915922,,0.19790427
P1,False,"MAB_ELE_SHP840, MAB_ELE_SHP1100",0.8002931558116998,1452.9750743915922,,0.22662127
P1,False,"MAB_ELE_SHP840, MAB_ELE_SHP1100",0.8002931558116998,1452.9750743915922,,0.040560454
P1,False,"MAB_ELE_SHP840, MAB_ELE_SHP1100",0.8002931558116998,1452.9750743915922,,0.7207669
P1,False,"PRI27276_org, PRO27826_org",0.867931403454831,1241.1900244699011,,0.14564058
P1,False,"PRI27276_org, PRO27826_org",0.867931403454831,1241.1900244699011,,0.4218837
P1,False,"PRI27276_org, PRO27826_org",0.867931403454831,1241.1900244699011,,0.51021886
P1,False,"PRI27276_org, PRO27826_org",0.867931403454831,1241.1900244699011,,-0.3497223
P1,False,"PRI27276_org, PRO27826_org",0.867931403454831,1241.1900244699011,,0.5958134
P1,False,"PRI27276_org, PRO27826_org",0.867931403454831,1241.1900244699011,,1.9919789
P1,False,"PRI27276_org, PRO27826_org",0.867931403454831,1241.1900244699011,,0.6823271
P1,False,"PRI27276_org, MAB_ELE_PRO276",0.8632859724822445,255.3656071653564,,0.14255132
P1,False,"PRI27276_org, MAB_ELE_PRO276",0.8632859724822445,255.3656071653564,,-0.019464076
P1,False,"PRI27276_org, MAB_ELE_PRO276",0.8632859724822445,255.3656071653564,,-0.101266176
P1,False,"PRI27276_org, MAB_ELE_PRO276",0.8632859724822445,255.3656071653564,,1.0428104
P1,False,"PRI27276_org, MAB_ELE_PRO276",0.8632859724822445,255.3656071653564,,1.391994
P1,False,"PRI27276_org, MAB_ELE_PRO276",0.8632859724822445,255.3656071653564,,1.0535585
P1,False,"PRI27276_org, MAB_ELE_PRO276",0.8632859724822445,255.3656071653564,,2.732336
P1,False,"PRI27276_org, MAB_ELE_SHP1100",0.7354393862883214,1681.4807551623333,,0.24327356
P1,False,"PRI27276_org, MAB_ELE_SHP1100",0.7354393862883214,1681.4807551623333,,0.43827614
P1,False,"PRI27276_org, MAB_ELE_SHP1100",0.7354393862883214,1681.4807551623333,,0.7589111
P1,False,"PRI27276_org, MAB_ELE_SHP1100",0.7354393862883214,1681.4807551623333,,0.04523582
P1,False,"PRI27276_org, MAB_ELE_SHP1100",0.7354393862883214,1681.4807551623333,,0.085730195
P1,False,"PRI27276_org, MAB_ELE_SHP1100",0.7354393862883214,1681.4807551623333,,1.5930749
P1,False,"PRI27276_org, MAB_ELE_SHP1100",0.7354393862883214,1681.4807551623333,,1.2187593
P1,False,"PRO27826_org, MAB_ELE_PRO276",0.9083093508303351,1132.6904857445843,,0.23782137
P1,False,"PRO27826_org, MAB_ELE_PRO276",0.9083093508303351,1132.6904857445843,,0.35921553
P1,False,"PRO27826_org, MAB_ELE_PRO276",0.9083093508303351,1132.6904857445843,,-0.4860186
P1,False,"PRO27826_org, MAB_ELE_PRO276",0.9083093508303351,1132.6904857445843,,0.0004084576
P1,False,"PRO27826_org, MAB_ELE_PRO276",0.9083093508303351,1132.6904857445843,,0.14190143
P1,False,"PRO27826_org, MAB_ELE_PRO276",0.9083093508303351,1132.6904857445843,,0.4135431
P1,False,"PRO27826_org, MAB_ELE_PRO276",0.9083093508303351,1132.6904857445843,,0.13898239
P1,False,"PRO27826_org, MAB_ELE_SHP1100",1.2202394727125,2183.1104982970096,,-0.024691656
P1,False,"PRO27826_org, MAB_ELE_SHP1100",1.2202394727125,2183.1104982970096,,-0.7861704
P1,False,"PRO27826_org, MAB_ELE_SHP1100",1.2202394727125,2183.1104982970096,,-0.89328885
P1,False,"PRO27826_org, MAB_ELE_SHP1100",1.2202394727125,2183.1104982970096,,-0.08172919
P1,False,"PRO27826_org, MAB_ELE_SHP1100",1.2202394727125,2183.1104982970096,,0.16755033
P1,False,"PRO27826_org, MAB_ELE_SHP1100",1.2202394727125,2183.1104982970096,,-0.6401396
P1,False,"PRO27826_org, MAB_ELE_SHP1100",1.2202394727125,2183.1104982970096,,0.2789623
P1,False,"MAB_ELE_PRO276, MAB_ELE_SHP1100",0.7128223586616672,1114.4358178874825,,0.76762044
P1,False,"MAB_ELE_PRO276, MAB_ELE_SHP1100",0.7128223586616672,1114.4358178874825,,0.06394176
P1,False,"MAB_ELE_PRO276, MAB_ELE_SHP1100",0.7128223586616672,1114.4358178874825,,0.5786256
P1,False,"MAB_ELE_PRO276, MAB_ELE_SHP1100",0.7128223586616672,1114.4358178874825,,-0.37423316
P1,False,"MAB_ELE_PRO276, MAB_ELE_SHP1100",0.7128223586616672,1114.4358178874825,,0.54491067
P1,False,"MAB_ELE_PRO276, MAB_ELE_SHP1100",0.7128223586616672,1114.4358178874825,,0.5253881
P1,False,"MAB_ELE_PRO276, MAB_ELE_SHP1100",0.7128223586616672,1114.4358178874825,,0.7654877
P1,False,"MAB_ELE_SHP840, PRI27276_org, PRO27826_org",0.7625623790512069,1811.923727970373,,0.57962
P1,False,"MAB_ELE_SHP840, PRI27276_org, PRO27826_org",0.7625623790512069,1811.923727970373,,0.8766495
P1,False,"MAB_ELE_SHP840, PRI27276_org, PRO27826_org",0.7625623790512069,1811.923727970373,,0.657431
P1,False,"MAB_ELE_SHP840, PRI27276_org, PRO27826_org",0.7625623790512069,1811.923727970373,,1.3704773
P1,False,"MAB_ELE_SHP840, PRI27276_org, PRO27826_org",0.7625623790512069,1811.923727970373,,1.3508178
P1,False,"MAB_ELE_SHP840, PRI27276_org, PRO27826_org",0.7625623790512069,1811.923727970373,,0.7850472
P1,False,"MAB_ELE_SHP840, PRI27276_org, PRO27826_org",0.7625623790512069,1811.923727970373,,1.2702706
P1,False,"MAB_ELE_SHP840, PRI27276_org, MAB_ELE_PRO276",2.038661657808084,1933.1891519154613,,-0.441839
P1,False,"MAB_ELE_SHP840, PRI27276_org, MAB_ELE_PRO276",2.038661657808084,1933.1891519154613,,-0.8211546
P1,False,"MAB_ELE_SHP840, PRI27276_org, MAB_ELE_PRO276",2.038661657808084,1933.1891519154613,,-0.6711179
P1,False,"MAB_ELE_SHP840, PRI27276_org, MAB_ELE_PRO276",2.038661657808084,1933.1891519154613,,-1.4644331
P1,False,"MAB_ELE_SHP840, PRI27276_org, MAB_ELE_PRO276",2.038661657808084,1933.1891519154613,,-2.1532772
P1,False,"MAB_ELE_SHP840, PRI27276_org, MAB_ELE_PRO276",2.038661657808084,1933.1891519154613,,-1.4670542
P1,False,"MAB_ELE_SHP840, PRI27276_org, MAB_ELE_PRO276",2.038661657808084,1933.1891519154613,,-0.5284626
P1,False,"MAB_ELE_SHP840, PRI27276_org, MAB_ELE_SHP1100",3.8127467442566783,4598.664643972619,,1.7386622
P1,False,"MAB_ELE_SHP840, PRI27276_org, MAB_ELE_SHP1100",3.8127467442566783,4598.664643972619,,3.0681028
P1,False,"MAB_ELE_SHP840, PRI27276_org, MAB_ELE_SHP1100",3.8127467442566783,4598.664643972619,,1.2196227
P1,False,"MAB_ELE_SHP840, PRI27276_org, MAB_ELE_SHP1100",3.8127467442566783,4598.664643972619,,6.534603
P1,False,"MAB_ELE_SHP840, PRI27276_org, MAB_ELE_SHP1100",3.8127467442566783,4598.664643972619,,6.87171
P1,False,"MAB_ELE_SHP840, PRI27276_org, MAB_ELE_SHP1100",3.8127467442566783,4598.664643972619,,3.6351573
P1,False,"MAB_ELE_SHP840, PRI27276_org, MAB_ELE_SHP1100",3.8127467442566783,4598.664643972619,,4.696517
P1,False,"MAB_ELE_SHP840, PRO27826_org, MAB_ELE_PRO276",0.8220929787096848,1427.9587317469704,,0.34649372
P1,False,"MAB_ELE_SHP840, PRO27826_org, MAB_ELE_PRO276",0.8220929787096848,1427.9587317469704,,0.106181584
P1,False,"MAB_ELE_SHP840, PRO27826_org, MAB_ELE_PRO276",0.8220929787096848,1427.9587317469704,,0.7419227
P1,False,"MAB_ELE_SHP840, PRO27826_org, MAB_ELE_PRO276",0.8220929787096848,1427.9587317469704,,0.41194075
P1,False,"MAB_ELE_SHP840, PRO27826_org, MAB_ELE_PRO276",0.8220929787096848,1427.9587317469704,,0.28580597
P1,False,"MAB_ELE_SHP840, PRO27826_org, MAB_ELE_PRO276",0.8220929787096848,1427.9587317469704,,0.3959862
P1,False,"MAB_ELE_SHP840, PRO27826_org, MAB_ELE_PRO276",0.8220929787096848,1427.9587317469704,,0.34311998
P1,False,"MAB_ELE_SHP840, PRO27826_org, MAB_ELE_SHP1100",0.7572528269867543,1942.582491589646,,0.79527086
P1,False,"MAB_ELE_SHP840, PRO27826_org, MAB_ELE_SHP1100",0.7572528269867543,1942.582491589646,,0.077108815
P1,False,"MAB_ELE_SHP840, PRO27826_org, MAB_ELE_SHP1100",0.7572528269867543,1942.582491589646,,1.0431371
P1,False,"MAB_ELE_SHP840, PRO27826_org, MAB_ELE_SHP1100",0.7572528269867543,1942.582491589646,,0.2875588
P1,False,"MAB_ELE_SHP840, PRO27826_org, MAB_ELE_SHP1100",0.7572528269867543,1942.582491589646,,0.8365842
P1,False,"MAB_ELE_SHP840, PRO27826_org, MAB_ELE_SHP1100",0.7572528269867543,1942.582491589646,,0.043596014
P1,False,"MAB_ELE_SHP840, PRO27826_org, MAB_ELE_SHP1100",0.7572528269867543,1942.582491589646,,1.8564761
P1,False,"MAB_ELE_SHP840, MAB_ELE_PRO276, MAB_ELE_SHP1100",0.6070236243854932,481.1330406893927,,0.6632898
P1,False,"MAB_ELE_SHP840, MAB_ELE_PRO276, MAB_ELE_SHP1100",0.6070236243854932,481.1330406893927,,-0.15443608
P1,False,"MAB_ELE_SHP840, MAB_ELE_PRO276, MAB_ELE_SHP1100",0.6070236243854932,481.1330406893927,,0.17386769
P1,False,"MAB_ELE_SHP840, MAB_ELE_PRO276, MAB_ELE_SHP1100",0.6070236243854932,481.1330406893927,,-0.02004522
P1,False,"MAB_ELE_SHP840, MAB_ELE_PRO276, MAB_ELE_SHP1100",0.6070236243854932,481.1330406893927,,0.69446063
P1,False,"MAB_ELE_SHP840, MAB_ELE_PRO276, MAB_ELE_SHP1100",0.6070236243854932,481.1330406893927,,0.41666657
P1,False,"MAB_ELE_SHP840, MAB_ELE_PRO276, MAB_ELE_SHP1100",0.6070236243854932,481.1330406893927,,1.5410237
P1,False,"PRI27276_org, PRO27826_org, MAB_ELE_PRO276",0.7665673917366767,3015.054335817096,,0.6840967
P1,False,"PRI27276_org, PRO27826_org, MAB_ELE_PRO276",0.7665673917366767,3015.054335817096,,0.6220473
P1,False,"PRI27276_org, PRO27826_org, MAB_ELE_PRO276",0.7665673917366767,3015.054335817096,,1.4480991
P1,False,"PRI27276_org, PRO27826_org, MAB_ELE_PRO276",0.7665673917366767,3015.054335817096,,0.12700216
P1,False,"PRI27276_org, PRO27826_org, MAB_ELE_PRO276",0.7665673917366767,3015.054335817096,,0.8415609
P1,False,"PRI27276_org, PRO27826_org, MAB_ELE_PRO276",0.7665673917366767,3015.054335817096,,1.3542022
P1,False,"PRI27276_org, PRO27826_org, MAB_ELE_PRO276",0.7665673917366767,3015.054335817096,,1.5708665
P1,False,"PRI27276_org, PRO27826_org, MAB_ELE_SHP1100",1.500757792913468,2227.851270548981,,0.80702126
P1,False,"PRI27276_org, PRO27826_org, MAB_ELE_SHP1100",1.500757792913468,2227.851270548981,,1.0613934
P1,False,"PRI27276_org, PRO27826_org, MAB_ELE_SHP1100",1.500757792913468,2227.851270548981,,0.8118331
P1,False,"PRI27276_org, PRO27826_org, MAB_ELE_SHP1100",1.500757792913468,2227.851270548981,,-0.83624053
P1,False,"PRI27276_org, PRO27826_org, MAB_ELE_SHP1100",1.500757792913468,2227.851270548981,,0.5184634
P1,False,"PRI27276_org, PRO27826_org, MAB_ELE_SHP1100",1.500757792913468,2227.851270548981,,1.6110903
P1,False,"PRI27276_org, PRO27826_org, MAB_ELE_SHP1100",1.500757792913468,2227.851270548981,,-1.7875398
P1,False,"PRI27276_org, MAB_ELE_PRO276, MAB_ELE_SHP1100",1.42849497330425,1253.0646524330832,,1.1616051
P1,False,"PRI27276_org, MAB_ELE_PRO276, MAB_ELE_SHP1100",1.42849497330425,1253.0646524330832,,0.6161258
P1,False,"PRI27276_org, MAB_ELE_PRO276, MAB_ELE_SHP1100",1.42849497330425,1253.0646524330832,,0.3970966
P1,False,"PRI27276_org, MAB_ELE_PRO276, MAB_ELE_SHP1100",1.42849497330425,1253.0646524330832,,2.5165496
P1,False,"PRI27276_org, MAB_ELE_PRO276, MAB_ELE_SHP1100",1.42849497330425,1253.0646524330832,,2.5808415
P1,False,"PRI27276_org, MAB_ELE_PRO276, MAB_ELE_SHP1100",1.42849497330425,1253.0646524330832,,1.845477
P1,False,"PRI27276_org, MAB_ELE_PRO276, MAB_ELE_SHP1100",1.42849497330425,1253.0646524330832,,3.7834246
P1,False,"PRO27826_org, MAB_ELE_PRO276, MAB_ELE_SHP1100",0.8023439342538122,561.404443042334,,0.5890189
P1,False,"PRO27826_org, MAB_ELE_PRO276, MAB_ELE_SHP1100",0.8023439342538122,561.404443042334,,0.03188352
P1,False,"PRO27826_org, MAB_ELE_PRO276, MAB_ELE_SHP1100",0.8023439342538122,561.404443042334,,0.27656317
P1,False,"PRO27826_org, MAB_ELE_PRO276, MAB_ELE_SHP1100",0.8023439342538122,561.404443042334,,-0.1486204
P1,False,"PRO27826_org, MAB_ELE_PRO276, MAB_ELE_SHP1100",0.8023439342538122,561.404443042334,,0.51476467
P1,False,"PRO27826_org, MAB_ELE_PRO276, MAB_ELE_SHP1100",0.8023439342538122,561.404443042334,,-0.012348518
P1,False,"PRO27826_org, MAB_ELE_PRO276, MAB_ELE_SHP1100",0.8023439342538122,561.404443042334,,0.656125
P1,False,"MAB_ELE_SHP840, PRI27276_org, PRO27826_org, MAB_ELE_PRO276",1.101359953300803,2707.3922790373795,,0.20107694
P1,False,"MAB_ELE_SHP840, PRI27276_org, PRO27826_org, MAB_ELE_PRO276",1.101359953300803,2707.3922790373795,,1.2610302
P1,False,"MAB_ELE_SHP840, PRI27276_org, PRO27826_org, MAB_ELE_PRO276",1.101359953300803,2707.3922790373795,,1.007722
P1,False,"MAB_ELE_SHP840, PRI27276_org, PRO27826_org, MAB_ELE_PRO276",1.101359953300803,2707.3922790373795,,-0.62215775
P1,False,"MAB_ELE_SHP840, PRI27276_org, PRO27826_org, MAB_ELE_PRO276",1.101359953300803,2707.3922790373795,,1.0422102
P1,False,"MAB_ELE_SHP840, PRI27276_org, PRO27826_org, MAB_ELE_PRO276",1.101359953300803,2707.3922790373795,,0.60549706
P1,False,"MAB_ELE_SHP840, PRI27276_org, PRO27826_org, MAB_ELE_PRO276",1.101359953300803,2707.3922790373795,,0.48978588
P1,False,"MAB_ELE_SHP840, PRI27276_org, PRO27826_org, MAB_ELE_SHP1100",0.7140307989102639,2472.093020602966,,1.1741272
P1,False,"MAB_ELE_SHP840, PRI27276_org, PRO27826_org, MAB_ELE_SHP1100",0.7140307989102639,2472.093020602966,,0.4514258
P1,False,"MAB_ELE_SHP840, PRI27276_org, PRO27826_org, MAB_ELE_SHP1100",0.7140307989102639,2472.093020602966,,1.2032671
P1,False,"MAB_ELE_SHP840, PRI27276_org, PRO27826_org, MAB_ELE_SHP1100",0.7140307989102639,2472.093020602966,,-0.29170987
P1,False,"MAB_ELE_SHP840, PRI27276_org, PRO27826_org, MAB_ELE_SHP1100",0.7140307989102639,2472.093020602966,,0.57203954
P1,False,"MAB_ELE_SHP840, PRI27276_org, PRO27826_org, MAB_ELE_SHP1100",0.7140307989102639,2472.093020602966,,0.88755286
P1,False,"MAB_ELE_SHP840, PRI27276_org, PRO27826_org, MAB_ELE_SHP1100",0.7140307989102639,2472.093020602966,,2.126622
P1,False,"MAB_ELE_SHP840, PRI27276_org, MAB_ELE_PRO276, MAB_ELE_SHP1100",1.004079470970513,785.725632218896,,0.4192055
P1,False,"MAB_ELE_SHP840, PRI27276_org, MAB_ELE_PRO276, MAB_ELE_SHP1100",1.004079470970513,785.725632218896,,0.2744761
P1,False,"MAB_ELE_SHP840, PRI27276_org, MAB_ELE_PRO276, MAB_ELE_SHP1100",1.004079470970513,785.725632218896,,0.2994993
P1,False,"MAB_ELE_SHP840, PRI27276_org, MAB_ELE_PRO276, MAB_ELE_SHP1100",1.004079470970513,785.725632218896,,0.0793072
P1,False,"MAB_ELE_SHP840, PRI27276_org, MAB_ELE_PRO276, MAB_ELE_SHP1100",1.004079470970513,785.725632218896,,-0.08696729
P1,False,"MAB_ELE_SHP840, PRI27276_org, MAB_ELE_PRO276, MAB_ELE_SHP1100",1.004079470970513,785.725632218896,,0.04103532
P1,False,"MAB_ELE_SHP840, PRI27276_org, MAB_ELE_PRO276, MAB_ELE_SHP1100",1.004079470970513,785.725632218896,,-0.22431247
P1,False,"MAB_ELE_SHP840, PRO27826_org, MAB_ELE_PRO276, MAB_ELE_SHP1100",0.7292537675143055,439.84698410929485,,0.45425156
P1,False,"MAB_ELE_SHP840, PRO27826_org, MAB_ELE_PRO276, MAB_ELE_SHP1100",0.7292537675143055,439.84698410929485,,0.2523132
P1,False,"MAB_ELE_SHP840, PRO27826_org, MAB_ELE_PRO276, MAB_ELE_SHP1100",0.7292537675143055,439.84698410929485,,-0.14215374
P1,False,"MAB_ELE_SHP840, PRO27826_org, MAB_ELE_PRO276, MAB_ELE_SHP1100",0.7292537675143055,439.84698410929485,,-0.42885137
P1,False,"MAB_ELE_SHP840, PRO27826_org, MAB_ELE_PRO276, MAB_ELE_SHP1100",0.7292537675143055,439.84698410929485,,0.55706406
P1,False,"MAB_ELE_SHP840, PRO27826_org, MAB_ELE_PRO276, MAB_ELE_SHP1100",0.7292537675143055,439.84698410929485,,1.0208865
P1,False,"MAB_ELE_SHP840, PRO27826_org, MAB_ELE_PRO276, MAB_ELE_SHP1100",0.7292537675143055,439.84698410929485,,0.69545966
P1,False,"PRI27276_org, PRO27826_org, MAB_ELE_PRO276, MAB_ELE_SHP1100",0.7610305803066814,1647.8751722664292,,0.7652047
P1,False,"PRI27276_org, PRO27826_org, MAB_ELE_PRO276, MAB_ELE_SHP1100",0.7610305803066814,1647.8751722664292,,0.60815614
P1,False,"PRI27276_org, PRO27826_org, MAB_ELE_PRO276, MAB_ELE_SHP1100",0.7610305803066814,1647.8751722664292,,0.6688821
P1,False,"PRI27276_org, PRO27826_org, MAB_ELE_PRO276, MAB_ELE_SHP1100",0.7610305803066814,1647.8751722664292,,1.0018412
P1,False,"PRI27276_org, PRO27826_org, MAB_ELE_PRO276, MAB_ELE_SHP1100",0.7610305803066814,1647.8751722664292,,1.3699411
P1,False,"PRI27276_org, PRO27826_org, MAB_ELE_PRO276, MAB_ELE_SHP1100",0.7610305803066814,1647.8751722664292,,1.4048133
P1,False,"PRI27276_org, PRO27826_org, MAB_ELE_PRO276, MAB_ELE_SHP1100",0.7610305803066814,1647.8751722664292,,2.6363626
P1,False,"MAB_ELE_SHP840, PRI27276_org, PRO27826_org, MAB_ELE_PRO276, MAB_ELE_SHP1100",0.7560484985207874,1591.3826521041512,,1.2764384
P1,False,"MAB_ELE_SHP840, PRI27276_org, PRO27826_org, MAB_ELE_PRO276, MAB_ELE_SHP1100",0.7560484985207874,1591.3826521041512,,-0.087353714
P1,False,"MAB_ELE_SHP840, PRI27276_org, PRO27826_org, MAB_ELE_PRO276, MAB_ELE_SHP1100",0.7560484985207874,1591.3826521041512,,0.8324332
P1,False,"MAB_ELE_SHP840, PRI27276_org, PRO27826_org, MAB_ELE_PRO276, MAB_ELE_SHP1100",0.7560484985207874,1591.3826521041512,,0.81754214
P1,False,"MAB_ELE_SHP840, PRI27276_org, PRO27826_org, MAB_ELE_PRO276, MAB_ELE_SHP1100",0.7560484985207874,1591.3826521041512,,0.6803832
P1,False,"MAB_ELE_SHP840, PRI27276_org, PRO27826_org, MAB_ELE_PRO276, MAB_ELE_SHP1100",0.7560484985207874,1591.3826521041512,,1.4307923
P1,False,"MAB_ELE_SHP840, PRI27276_org, PRO27826_org, MAB_ELE_PRO276, MAB_ELE_SHP1100",0.7560484985207874,1591.3826521041512,,3.1978998
